0,768
13,25
76,35
0,335
13,7
0,695
13,32
0,694
0,693
13,43
0,692
13,128
0,691
13,19
0,690
13,130
0,689
0,688
13,6
0,687
13,71
0,686
13,18
0,685
13,60
0,684
13,38
0,683
13,56
0,682
0,681
13,44
0,680
13,1
0,679
13,35
0,678
13,2
0,677
13,5
0,676
0,675
16,6
0,674
16,7
0,673
16,1
0,672
0,671
16,8
16,2
0,670
0,669
16,5
0,668
0,667
8,7
0,666
8,6
0,665
8,2
0,664
8,1
0,663
8,5
0,662
0,661
0,660
5,6
0,659
5,2
0,658
5,1
0,657
5,5
0,656
0,655
0,654
0,653
6,6
0,652
6,2
0,651
6,1
0,650
6,5
0,649
0,648
0,647
0,646
0,645
0,644
0,643
0,642
0,641
0,640
0,639
0,638
0,637
0,636
0,635
0,634
0,633
0,632
2,2
0,631
2,1
0,630
2,5
0,629
0,628
0,627
0,626
0,625
0,624
0,623
0,622
0,621
0,620
0,619
0,618
0,617
0,616
0,615
0,614
0,613
0,612
0,611
0,610
0,609
0,608
0,607
0,606
0,605
0,604
0,603
0,602
0,601
0,600
0,599
0,511
0,340
0,308
0,305
0,311
0,310
0,0
0,307
0,306
0,13
0,339
0,11
0,9
76,34
76,33
76,32
76,31
76,30
76,29
76,28
76,27
76,26
76,25
76,24
76,23
76,22
76,21
76,20
76,19
76,18
76,17
76,16
76,15
76,14
76,13
76,12
76,11
76,10
76,9
76,8
76,7
76,6
76,5
76,4
76,3
76,2
76,0
0,484
0,469
0,303
0,483
0,468
0,302
0,467
0,301
0,466
0,300
0,482
0,465
0,299
0,481
0,464
0,298
